   10142    1691
  6199  6199   3.7182029701169289e-01
  6201  6199   1.0184939662308641e-02
  6461  6199   6.6826607137711519e-02
  6497  6199   1.5505618554596810e-02
  6199  6201   1.0184939662308641e-02
  6201  6201   3.4414009098477383e-01
  6257  6257   3.4414009098477383e-01
  6569  6257  -1.0184939662308689e-02
  6437  6437   2.7280185462119783e-01
  6564  6437   8.3359196117161874e-02
  6765  6437  -4.2524208816098058e-02
  6458  6458   2.7679773837650051e-01
  6814  6458   7.5788515131402043e-02
  6831  6458  -5.4350512057407492e-02
  6199  6461   6.6826607137711519e-02
  6461  6461   5.7681963491441990e-01
  6463  6461   8.9599435623138532e-02
  6497  6461   1.0220074418423090e-01
  6841  6461   1.6815690008059481e-02
  6461  6463   8.9599435623138532e-02
  6463  6463   2.7889516037980833e-01
  6841  6463  -4.1440299562735879e-02
  6464  6464   2.8274533023780918e-01
  6833  6464   6.0586898328247603e-02
  6842  6464  -7.4981334440045705e-02
  6465  6465   2.8000513946879102e-01
  6830  6465  -7.0207929982239931e-02
  6834  6465   6.3010378146825863e-02
  6467  6467   2.7445141944418339e-01
  6766  6467   7.9547307045851959e-02
  6815  6467   4.8200399313355388e-02
  6199  6497   1.5505618554596810e-02
  6461  6497   1.0220074418423090e-01
  6497  6497   4.2119905080097841e-01
  6499  6497  -1.2390876313682160e-02
  6849  6497   3.4748570290710760e-02
  6497  6499  -1.2390876313682160e-02
  6499  6499   4.9898739003069692e-01
  6847  6499  -6.8239917892520541e-02
  6849  6499  -1.3626680444994160e-01
  6562  6562   2.7038544212576898e-01
  6566  6562   3.6882632524493253e-02
  6772  6562   8.6368194907728360e-02
  6437  6564   8.3359196117161874e-02
  6564  6564   5.0371376978472471e-01
  6566  6564   2.6767720899331961e-02
  6765  6564   2.1035044754678010e-02
  6778  6564   7.9366779955962904e-02
  6562  6566   3.6882632524493253e-02
  6564  6566   2.6767720899331961e-02
  6566  6566   4.2106741126270769e-01
  6772  6566  -2.3883787261325840e-02
  6778  6566  -4.0132077514357198e-02
  6567  6567   4.1801287603137988e-01
  6573  6567   2.8876333420144139e-02
  6771  6567  -2.9214481784288430e-02
  6772  6567   3.1200435542473020e-02
  6775  6567   3.5027495507106612e-02
  6257  6569  -1.0184939662308689e-02
  6569  6569   3.6209397309770641e-01
  6571  6569   6.9008645659768150e-02
  6572  6569   3.4562629960701287e-02
  6570  6570   2.6384785457991361e-01
  6571  6570   9.4342552759151696e-02
  6574  6570  -2.1205588050992121e-02
  6569  6571   6.9008645659768150e-02
  6570  6571   9.4342552759151696e-02
  6571  6571   6.3129723292406281e-01
  6572  6571   1.2622436603834011e-01
  6574  6571   3.2751572959626038e-02
  6569  6572   3.4562629960701287e-02
  6571  6572   1.2622436603834011e-01
  6572  6572   4.2882793464614227e-01
  6579  6572  -2.4348434355959099e-03
  6991  6572  -1.9604931500946578e-02
  6567  6573   2.8876333420144139e-02
  6573  6573   5.3342247686613620e-01
  6574  6573  -3.6685727394303383e-02
  6582  6573   8.4223819304968042e-02
  6771  6573   8.9364058142057612e-02
  6570  6574  -2.1205588050992121e-02
  6571  6574   3.2751572959626038e-02
  6573  6574  -3.6685727394303383e-02
  6574  6574   4.1166838599176570e-01
  6582  6574   2.5908118558901450e-02
  6572  6579  -2.4348434355959099e-03
  6579  6579   5.3742782213979101e-01
  6991  6579   1.4215564070039530e-01
  7025  6579   8.0848679229348741e-02
  6573  6582   8.4223819304968042e-02
  6574  6582   2.5908118558901450e-02
  6582  6582   5.0282349170361917e-01
  6994  6582   2.5156371432952341e-02
  7012  6582   7.4776105851100463e-02
  6437  6765  -4.2524208816098058e-02
  6564  6765   2.1035044754678010e-02
  6765  6765   4.2630639479336330e-01
  6766  6765  -2.5011417755870041e-02
  7219  6765   4.4751018145086342e-02
  6467  6766   7.9547307045851959e-02
  6765  6766  -2.5011417755870041e-02
  6766  6766   4.9258851997889630e-01
  6815  6766  -1.8956006725768700e-02
  7219  6766   7.6303819732736616e-02
  6567  6771  -2.9214481784288430e-02
  6573  6771   8.9364058142057612e-02
  6771  6771   2.6603341327283619e-01
  6562  6772   8.6368194907728360e-02
  6566  6772  -2.3883787261325840e-02
  6567  6772   3.1200435542473020e-02
  6772  6772   5.1483761421725005e-01
  6775  6772  -8.0011325381297918e-02
  6567  6775   3.5027495507106612e-02
  6772  6775  -8.0011325381297918e-02
  6775  6775   5.2323704193217746e-01
  6993  6775   8.1447903845221797e-02
  7235  6775   3.4104780104989713e-02
  6564  6778   7.9366779955962904e-02
  6566  6778  -4.0132077514357198e-02
  6778  6778   5.3162097696623922e-01
  7215  6778   3.9306467891958928e-02
  7236  6778  -8.0201110777804868e-02
  6458  6814   7.5788515131402043e-02
  6814  6814   4.8005089373482751e-01
  6815  6814   2.3108466396600781e-02
  6819  6814  -7.2080266316475558e-02
  6831  6814   1.6519683998881419e-02
  6467  6815   4.8200399313355388e-02
  6766  6815  -1.8956006725768700e-02
  6814  6815   2.3108466396600781e-02
  6815  6815   4.3357035421517798e-01
  6819  6815   5.0706517990700403e-02
  6814  6819  -7.2080266316475558e-02
  6815  6819   5.0706517990700403e-02
  6819  6819   5.3575824609629064e-01
  6898  6819   4.7620447256301948e-02
  7224  6819   7.3572492373012138e-02
  6465  6830  -7.0207929982239931e-02
  6830  6830   4.6480092423185049e-01
  6831  6830   2.3027880385896080e-02
  6834  6830   1.3568523210659480e-02
  7293  6830  -6.5561991190107791e-02
  6458  6831  -5.4350512057407492e-02
  6814  6831   1.6519683998881419e-02
  6830  6831   2.3027880385896080e-02
  6831  6831   4.4326245230031602e-01
  7293  6831   5.7057896547218143e-02
  6464  6833   6.0586898328247603e-02
  6833  6833   4.4659099534131769e-01
  6834  6833   2.4973614037083241e-02
  6842  6833   1.1608864701222649e-02
  7311  6833   5.6803915539158097e-02
  6465  6834   6.3010378146825863e-02
  6830  6834   1.3568523210659480e-02
  6833  6834   2.4973614037083241e-02
  6834  6834   4.5744302769023287e-01
  7311  6834  -6.3663075689848858e-02
  6461  6841   1.6815690008059481e-02
  6463  6841  -4.1440299562735879e-02
  6841  6841   4.3022293465281503e-01
  6842  6841   3.2562565939155068e-02
  7305  6841  -4.6478932637702287e-02
  6464  6842  -7.4981334440045705e-02
  6833  6842   1.1608864701222649e-02
  6841  6842   3.2562565939155068e-02
  6842  6842   4.7742840659553892e-01
  7305  6842   6.6028522734371056e-02
  6499  6847  -6.8239917892520541e-02
  6847  6847   5.6707800789117191e-01
  6851  6847   8.8456270418228816e-02
  7288  6847   3.1189365938584141e-02
  6497  6849   3.4748570290710760e-02
  6499  6849  -1.3626680444994160e-01
  6849  6849   6.2819733197413474e-01
  6850  6849   1.0661968207819229e-01
  7325  6849   4.0724087178705862e-02
  6849  6850   1.0661968207819229e-01
  6850  6850   4.9359106461702928e-01
  6851  6850   8.1891786266238165e-02
  7325  6850  -3.8699202927158730e-03
  7326  6850  -9.4746478242992789e-04
  6847  6851   8.8456270418228816e-02
  6850  6851   8.1891786266238165e-02
  6851  6851   5.6062233942860562e-01
  7288  6851  -2.7685427070157909e-02
  7326  6851   6.6209270599170908e-02
  6819  6898   4.7620447256301948e-02
  6898  6898   4.4220794601209762e-01
  7224  6898  -2.4690331826709710e-02
  7292  6898   2.8113662586653921e-02
  7343  6898  -5.0594916975856052e-02
  6572  6991  -1.9604931500946578e-02
  6579  6991   1.4215564070039530e-01
  6991  6991   5.6068154972992224e-01
  7012  6991  -3.0390358186854840e-02
  7024  6991   6.4120739865251519e-02
  6775  6993   8.1447903845221797e-02
  6993  6993   5.0773014343047040e-01
  6994  6993   3.6625490765848347e-02
  7235  6993  -3.0853596712472300e-02
  7484  6993  -6.7345148970107294e-02
  6582  6994   2.5156371432952341e-02
  6993  6994   3.6625490765848347e-02
  6994  6994   4.3986501272211381e-01
  7012  6994  -4.6008934013471163e-02
  7484  6994   4.1081082738181181e-02
  6582  7012   7.4776105851100463e-02
  6991  7012  -3.0390358186854840e-02
  6994  7012  -4.6008934013471163e-02
  7012  7012   4.9277401271830029e-01
  7024  7012   5.0573052658621831e-02
  6991  7024   6.4120739865251519e-02
  7012  7024   5.0573052658621831e-02
  7024  7024   5.2809878190854054e-01
  7026  7024  -9.9123942582953678e-02
  7031  7024   2.0114887874347329e-02
  6579  7025   8.0848679229348741e-02
  7025  7025   5.4718029248279332e-01
  7026  7025  -8.7659395626099521e-02
  7210  7025   2.6746982585419271e-02
  7024  7026  -9.9123942582953678e-02
  7025  7026  -8.7659395626099521e-02
  7026  7026   5.4576825482300328e-01
  7031  7026   2.9843177759337040e-02
  7210  7026   3.2826676213228073e-02
  7024  7031   2.0114887874347329e-02
  7026  7031   2.9843177759337040e-02
  7031  7031   4.3829402664376371e-01
  7485  7031   5.2447822891898283e-02
  7486  7031  -4.2399037962379607e-02
  7025  7210   2.6746982585419271e-02
  7026  7210   3.2826676213228073e-02
  7210  7210   4.6702316883504880e-01
  7211  7210   4.9717908188549848e-02
  7210  7211   4.9717908188549848e-02
  7211  7211   4.6197886970745811e-01
  7212  7211   3.6424042964489291e-02
  7686  7211   5.5995389884904233e-02
  7211  7212   3.6424042964489291e-02
  7212  7212   4.8250002600931352e-01
  7686  7212  -5.2197706150011743e-02
  7690  7212   2.5646261456327320e-02
  7213  7213   4.9669276640533683e-01
  7288  7213  -6.3152311663785668e-02
  7289  7213  -5.1888099514245251e-02
  7693  7213   4.6464185455723027e-02
  6778  7215   3.9306467891958928e-02
  7215  7215   4.2944582438552797e-01
  7218  7215   3.1451648682744013e-02
  7236  7215   2.6840383786739599e-02
  7701  7215   3.9820803648150917e-02
  7215  7218   3.1451648682744013e-02
  7218  7218   5.0065984446326450e-01
  7219  7218   7.6515486285176404e-02
  7223  7218   2.6596755327989940e-02
  7701  7218  -7.4406105588536414e-02
  6765  7219   4.4751018145086342e-02
  6766  7219   7.6303819732736616e-02
  7218  7219   7.6515486285176404e-02
  7219  7219   5.3254691950229871e-01
  7223  7219  -4.2899049046220057e-02
  7218  7223   2.6596755327989940e-02
  7219  7223  -4.2899049046220057e-02
  7223  7223   4.3572757848231880e-01
  7224  7223   2.9254909654899269e-02
  7225  7223   4.5498599246987403e-02
  6819  7224   7.3572492373012138e-02
  6898  7224  -2.4690331826709710e-02
  7223  7224   2.9254909654899269e-02
  7224  7224   4.8958144550242971e-01
  7225  7224  -7.0713465644949014e-02
  7223  7225   4.5498599246987403e-02
  7224  7225  -7.0713465644949014e-02
  7225  7225   5.2069939636311213e-01
  7707  7225  -6.9134874325156387e-02
  7710  7225   4.4604584864322727e-02
  6775  7235   3.4104780104989713e-02
  6993  7235  -3.0853596712472300e-02
  7235  7235   4.2818448088051420e-01
  7236  7235   3.4337809136882731e-02
  7237  7235   3.6836990498089472e-02
  6778  7236  -8.0201110777804868e-02
  7215  7236   2.6840383786739599e-02
  7235  7236   3.4337809136882731e-02
  7236  7236   5.0784251405375058e-01
  7237  7236  -7.4470224130423993e-02
  7235  7237   3.6836990498089472e-02
  7236  7237  -7.4470224130423993e-02
  7237  7237   5.1766368058869416e-01
  7499  7237   7.6868942485316921e-02
  7714  7237   3.7930295685573268e-02
  6847  7288   3.1189365938584141e-02
  6851  7288  -2.7685427070157909e-02
  7213  7288  -6.3152311663785668e-02
  7288  7288   4.4989257730368848e-01
  7213  7289  -5.1888099514245251e-02
  7289  7289   4.9662592141820461e-01
  7693  7289   4.6013052459613173e-02
  7768  7289  -6.2149128159833818e-02
  6898  7292   2.8113662586653921e-02
  7292  7292   4.8001449360703841e-01
  7293  7292  -6.9712877093760187e-02
  7313  7292   2.4618607224997011e-02
  7343  7292   6.6596736348042265e-02
  6830  7293  -6.5561991190107791e-02
  6831  7293   5.7057896547218143e-02
  7292  7293  -6.9712877093760187e-02
  7293  7293   5.3498363752161637e-01
  7313  7293   5.1335810124275572e-02
  6841  7305  -4.6478932637702287e-02
  6842  7305   6.6028522734371056e-02
  7305  7305   5.3368394265219321e-01
  7317  7305   5.7162742056178772e-02
  7325  7305  -7.2475229020034213e-02
  6833  7311   5.6803915539158097e-02
  6834  7311  -6.3663075689848858e-02
  7311  7311   5.3546259498437276e-01
  7312  7311  -6.5882294999723950e-02
  7316  7311   5.7918861606905979e-02
  7311  7312  -6.5882294999723950e-02
  7312  7312   4.6574925326511601e-01
  7313  7312  -3.0617722170458401e-02
  7316  7312   2.1952685276015849e-02
  7318  7312   5.6595255060407849e-02
  7292  7313   2.4618607224997011e-02
  7293  7313   5.1335810124275572e-02
  7312  7313  -3.0617722170458401e-02
  7313  7313   4.5492136448362602e-01
  7318  7313   5.7734476644997978e-02
  7311  7316   5.7918861606905979e-02
  7312  7316   2.1952685276015849e-02
  7316  7316   4.7607057044514939e-01
  7317  7316   4.2547183724969677e-02
  7796  7316  -6.3122859357835265e-02
  7305  7317   5.7162742056178772e-02
  7316  7317   4.2547183724969677e-02
  7317  7317   4.4688917860104121e-01
  7325  7317   1.6830523816465541e-02
  7796  7317   3.9105095513971837e-02
  7312  7318   5.6595255060407849e-02
  7313  7318   5.7734476644997978e-02
  7318  7318   5.1429442035791206e-01
  7780  7318   6.7891116843653704e-02
  7799  7318   4.2017823522036001e-02
  7319  7319   5.6217261637658511e-01
  7320  7319  -8.3623526934790998e-02
  7326  7319   6.6039844927712490e-02
  7480  7319  -8.5244607985807144e-02
  7693  7319   3.1041160593844121e-02
  7319  7320  -8.3623526934790998e-02
  7320  7320   5.3234611667564780e-01
  7326  7320  -3.2057413590604088e-04
  7784  7320  -1.4059310298111971e-01
  7797  7320   3.1843589262225351e-04
  6849  7325   4.0724087178705862e-02
  6850  7325  -3.8699202927158730e-03
  7305  7325  -7.2475229020034213e-02
  7317  7325   1.6830523816465541e-02
  7325  7325   4.3158194475021400e-01
  6850  7326  -9.4746478242992789e-04
  6851  7326   6.6209270599170908e-02
  7319  7326   6.6039844927712490e-02
  7320  7326  -3.2057413590604088e-04
  7326  7326   4.3126732554784358e-01
  6898  7343  -5.0594916975856052e-02
  7292  7343   6.6596736348042265e-02
  7343  7343   5.2401672499701413e-01
  7709  7343  -6.9923955480770947e-02
  7769  7343   4.6180676212337533e-02
  7319  7480  -8.5244607985807144e-02
  7480  7480   5.2629854693182354e-01
  7693  7480   3.0594909628181680e-02
  7783  7480  -7.1322738485632600e-02
  7936  7480   4.6674165400218057e-02
  6993  7484  -6.7345148970107294e-02
  6994  7484   4.1081082738181181e-02
  7484  7484   5.1615799531777640e-01
  7485  7484  -8.2870097086101768e-02
  7500  7484   3.3230943512159397e-02
  7031  7485   5.2447822891898283e-02
  7484  7485  -8.2870097086101768e-02
  7485  7485   5.0634220347796788e-01
  7486  7485   4.9560231084885588e-02
  7500  7485   3.0477959938828750e-02
  7031  7486  -4.2399037962379607e-02
  7485  7486   4.9560231084885588e-02
  7486  7486   4.9845475449813570e-01
  7686  7486  -8.3748367629777054e-02
  7946  7486   3.1654467977175610e-02
  7237  7499   7.6868942485316921e-02
  7499  7499   5.1101153781179454e-01
  7500  7499   4.7186483637415157e-02
  7521  7499  -6.4925862233145434e-02
  7714  7499  -3.1112965853004181e-02
  7484  7500   3.3230943512159397e-02
  7485  7500   3.0477959938828750e-02
  7499  7500   4.7186483637415157e-02
  7500  7500   4.3537220091296980e-01
  7521  7500   3.2892733708457987e-02
  7499  7521  -6.4925862233145434e-02
  7500  7521   3.2892733708457987e-02
  7521  7521   5.3195357527845399e-01
  7944  7521  -8.7520275229043709e-02
  7962  7521   5.3170528938182630e-02
  7211  7686   5.5995389884904233e-02
  7212  7686  -5.2197706150011743e-02
  7486  7686  -8.3748367629777054e-02
  7686  7686   5.1452688286665449e-01
  7946  7686   3.1282722297801817e-02
  7212  7690   2.5646261456327320e-02
  7690  7690   4.4243384750752379e-01
  7691  7690   3.4643044209990217e-02
  7945  7690  -4.8178220067197929e-02
  7690  7691   3.4643044209990217e-02
  7691  7691   4.7703886964240211e-01
  7945  7691   6.2001666189407112e-02
  8135  7691   2.0594723336169549e-02
  7213  7693   4.6464185455723027e-02
  7289  7693   4.6013052459613173e-02
  7319  7693   3.1041160593844121e-02
  7480  7693   3.0594909628181680e-02
  7693  7693   4.4535932377477638e-01
  7697  7697   4.4222445520458997e-01
  7700  7697   3.4355032894952217e-02
  7701  7697   3.9021522383464832e-02
  7707  7697   3.6117853959952609e-02
  7711  7697   4.2288308321612407e-02
  7697  7700   3.4355032894952217e-02
  7700  7700   5.1118060898435713e-01
  7701  7700  -7.2054195943558996e-02
  7714  7700   4.0948932781059461e-02
  8152  7700  -7.2850067009489872e-02
  7215  7701   3.9820803648150917e-02
  7218  7701  -7.4406105588536414e-02
  7697  7701   3.9021522383464832e-02
  7700  7701  -7.2054195943558996e-02
  7701  7701   5.1641193670511853e-01
  7225  7707  -6.9134874325156387e-02
  7697  7707   3.6117853959952609e-02
  7707  7707   4.9369087512905052e-01
  7710  7707   3.1541438545381821e-02
  7711  7707  -6.6604824141066860e-02
  7343  7709  -6.9923955480770947e-02
  7709  7709   4.8609535270545229e-01
  7710  7709   2.9764941875524271e-02
  7769  7709   2.9310492376346569e-02
  8160  7709   6.6470193609556374e-02
  7225  7710   4.4604584864322727e-02
  7707  7710   3.1541438545381821e-02
  7709  7710   2.9764941875524271e-02
  7710  7710   4.4537801812260758e-01
  8160  7710  -4.8975509808718537e-02
  7697  7711   4.2288308321612407e-02
  7707  7711  -6.6604824141066860e-02
  7711  7711   4.9622024984031188e-01
  8153  7711   5.9151134129702833e-02
  8161  7711  -3.8548767299514307e-02
  7237  7714   3.7930295685573268e-02
  7499  7714  -3.1112965853004181e-02
  7700  7714   4.0948932781059461e-02
  7714  7714   4.3318865681962287e-01
  8152  7714   3.1742629342771153e-02
  7289  7768  -6.2149128159833818e-02
  7768  7768   4.8674586990049279e-01
  7937  7768   4.7542335251673673e-02
  8142  7768   5.2606087484999557e-02
  7343  7769   4.6180676212337533e-02
  7709  7769   2.9310492376346569e-02
  7769  7769   4.4244087003531818e-01
  7780  7769   2.6728519648196340e-02
  8222  7769   4.9283351266138933e-02
  7318  7780   6.7891116843653704e-02
  7769  7780   2.6728519648196340e-02
  7780  7780   4.8996082695941739e-01
  7799  7780  -3.5199354045262692e-02
  8222  7780  -6.9510835548508551e-02
  7480  7783  -7.1322738485632600e-02
  7783  7783   5.2872079287634710e-01
  7784  7783   9.4785685405500295e-02
  7936  7783   2.7584543338300588e-02
  8233  7783  -4.0704601849811277e-02
  7320  7784  -1.4059310298111971e-01
  7783  7784   9.4785685405500295e-02
  7784  7784   5.7403816995631618e-01
  7797  7784   1.7877288402681629e-02
  8233  7784   1.3251489317639659e-02
  7316  7796  -6.3122859357835265e-02
  7317  7796   3.9105095513971837e-02
  7796  7796   5.1353894547634638e-01
  7797  7796   4.5174881407916291e-02
  7798  7796  -7.5386892716629308e-02
  7320  7797   3.1843589262225351e-04
  7784  7797   1.7877288402681629e-02
  7796  7797   4.5174881407916291e-02
  7797  7797   3.9354581462153182e-01
  7798  7797   2.5412303758671241e-02
  7796  7798  -7.5386892716629308e-02
  7797  7798   2.5412303758671241e-02
  7798  7798   4.6568233770452971e-01
  7799  7798   3.0240739285879260e-02
  7800  7798  -4.3138640327563087e-02
  7318  7799   4.2017823522036001e-02
  7780  7799  -3.5199354045262692e-02
  7798  7799   3.0240739285879260e-02
  7799  7799   4.7024619911582799e-01
  7800  7799   7.2150304119127665e-02
  7798  7800  -4.3138640327563087e-02
  7799  7800   7.2150304119127665e-02
  7800  7800   4.7241925784757011e-01
  8219  7800   5.6083072708482652e-02
  8232  7800  -7.2190054817324973e-03
  7480  7936   4.6674165400218057e-02
  7783  7936   2.7584543338300588e-02
  7936  7936   4.7795037266255369e-01
  7937  7936  -5.8769239458990583e-02
  8362  7936   5.4453411740364499e-02
  7768  7937   4.7542335251673673e-02
  7936  7937  -5.8769239458990583e-02
  7937  7937   4.7148311126515091e-01
  8142  7937  -4.4235317008055518e-02
  8362  7937   3.1664914301173713e-02
  7521  7944  -8.7520275229043709e-02
  7944  7944   4.8182253299727601e-01
  7946  7944  -6.0379279363856973e-02
  7947  7944   3.2886781298733382e-02
  7962  7944   7.7482914233792778e-03
  7690  7945  -4.8178220067197929e-02
  7691  7945   6.2001666189407112e-02
  7945  7945   5.4352325569134674e-01
  7947  7945   8.3876834558810884e-02
  7980  7945  -5.6496014507205837e-02
  7486  7946   3.1654467977175610e-02
  7686  7946   3.1282722297801817e-02
  7944  7946  -6.0379279363856973e-02
  7946  7946   4.6643358706431270e-01
  7947  7946   5.1582749429066772e-02
  7944  7947   3.2886781298733382e-02
  7945  7947   8.3876834558810884e-02
  7946  7947   5.1582749429066772e-02
  7947  7947   4.6911750611651082e-01
  7980  7947   7.7747408361129779e-03
  7959  7959   4.5717674842114031e-01
  7960  7959   3.9774569921771648e-02
  8146  7959   4.6733519575424563e-02
  8152  7959   4.1982726514597460e-02
  8153  7959  -3.9283605611731068e-02
  7959  7960   3.9774569921771648e-02
  7960  7960   4.5718731360846371e-01
  8144  7960   3.0374120296248659e-02
  8153  7960   6.5879625755620522e-02
  8182  7960   2.8976250628542810e-02
  7521  7962   5.3170528938182630e-02
  7944  7962   7.7482914233792778e-03
  7962  7962   4.1988773344719937e-01
  8146  7962  -6.2552896223178639e-02
  8394  7962  -1.9811333230247241e-03
  7945  7980  -5.6496014507205837e-02
  7947  7980   7.7747408361129779e-03
  7980  7980   4.3168331225151391e-01
  8139  7980   1.7881017574744348e-02
  8406  7980  -5.4973805320568177e-02
  7691  8135   2.0594723336169549e-02
  8135  8135   4.5166225505714153e-01
  8136  8135  -3.5513611241452137e-02
  8407  8135   4.8474206469269927e-02
  8135  8136  -3.5513611241452137e-02
  8136  8136   4.6799824210611068e-01
  8137  8136   2.6859083174312279e-02
  8407  8136   6.0763355186428107e-02
  8136  8137   2.6859083174312279e-02
  8137  8137   4.7488992307809602e-01
  8528  8137  -3.7683846727355932e-02
  8531  8137   5.6860226644513991e-02
  7980  8139   1.7881017574744348e-02
  8139  8139   4.5818463557846228e-01
  8393  8139  -1.9597915810530039e-02
  8406  8139   7.3555321215440214e-02
  8538  8139   5.4563355820350962e-02
  7768  8142   5.2606087484999557e-02
  7937  8142  -4.4235317008055518e-02
  8142  8142   4.9163142259031117e-01
  8544  8142   4.9345317272501993e-02
  7960  8144   3.0374120296248659e-02
  8144  8144   5.4736184616853145e-01
  8182  8144  -8.7894574792365343e-02
  8392  8144   3.0873434729875950e-02
  8560  8144  -1.0142697638704370e-01
  7959  8146   4.6733519575424563e-02
  7962  8146  -6.2552896223178639e-02
  8146  8146   5.4884356701516790e-01
  8152  8146  -5.5748279418470263e-02
  8394  8146   8.9386291694724063e-02
  7700  8152  -7.2850067009489872e-02
  7714  8152   3.1742629342771153e-02
  7959  8152   4.1982726514597460e-02
  8146  8152  -5.5748279418470263e-02
  8152  8152   4.9232985692714148e-01
  7711  8153   5.9151134129702833e-02
  7959  8153  -3.9283605611731068e-02
  7960  8153   6.5879625755620522e-02
  8153  8153   5.0078472440852773e-01
  8161  8153   4.6916328096566498e-02
  7709  8160   6.6470193609556374e-02
  7710  8160  -4.8975509808718537e-02
  8160  8160   5.1995550105166055e-01
  8162  8160  -6.6501890587001053e-02
  8218  8160   4.7642745371408321e-02
  7711  8161  -3.8548767299514307e-02
  8153  8161   4.6916328096566498e-02
  8161  8161   4.6489588249318547e-01
  8162  8161   3.7339486086371422e-02
  8185  8161   5.2907005043637503e-02
  8160  8162  -6.6501890587001053e-02
  8161  8162   3.7339486086371422e-02
  8162  8162   4.7889541522993262e-01
  8185  8162  -5.4321575311303272e-02
  8218  8162   3.1009880422767731e-02
  7960  8182   2.8976250628542810e-02
  8144  8182  -8.7894574792365343e-02
  8182  8182   5.3051541890140408e-01
  8186  8182   2.8715059468965638e-02
  8559  8182   9.0118751174618580e-02
  8161  8185   5.2907005043637503e-02
  8162  8185  -5.4321575311303272e-02
  8185  8185   5.0382657592549451e-01
  8186  8185   6.8914671559194104e-02
  8591  8185   3.7958732590999820e-02
  8182  8186   2.8715059468965638e-02
  8185  8186   6.8914671559194104e-02
  8186  8186   4.5736724043198679e-01
  8559  8186  -2.8732026476170552e-02
  8591  8186  -3.8283120828853927e-02
  8160  8218   4.7642745371408321e-02
  8162  8218   3.1009880422767731e-02
  8218  8218   4.4704447556497040e-01
  8220  8218  -3.6161484352472802e-02
  8224  8218   4.2052795230670431e-02
  7800  8219   5.6083072708482652e-02
  8219  8219   5.6176878759787829e-01
  8221  8219   1.5793324366667839e-02
  8232  8219   8.4996473287879126e-02
  8245  8219  -1.0616792407020180e-01
  8218  8220  -3.6161484352472802e-02
  8220  8220   4.9069167468807179e-01
  8221  8220   3.5710403288928987e-02
  8222  8220  -6.2191963196230687e-02
  8224  8220   6.6808774223330744e-02
  8219  8221   1.5793324366667839e-02
  8220  8221   3.5710403288928987e-02
  8221  8221   4.2209098774794179e-01
  8222  8221   4.6893629335474918e-02
  8245  8221   2.8468193249682909e-02
  7769  8222   4.9283351266138933e-02
  7780  8222  -6.9510835548508551e-02
  8220  8222  -6.2191963196230687e-02
  8221  8222   4.6893629335474918e-02
  8222  8222   5.1819848162983151e-01
  8218  8224   4.2052795230670431e-02
  8220  8224   6.6808774223330744e-02
  8224  8224   5.4920503469354842e-01
  8555  8224   6.9904952666467138e-02
  8590  8224   7.6718568451708727e-02
  7800  8232  -7.2190054817324973e-03
  8219  8232   8.4996473287879126e-02
  8232  8232   4.9456111311215212e-01
  8243  8232  -1.1531702561659600e-02
  8246  8232  -1.1168476022484840e-01
  7783  8233  -4.0704601849811277e-02
  7784  8233   1.3251489317639659e-02
  8233  8233   4.4533553299062129e-01
  8243  8233   1.5833589603152839e-02
  8251  8233   7.9820772721954827e-02
  8232  8243  -1.1531702561659600e-02
  8233  8243   1.5833589603152839e-02
  8243  8243   4.1024912330593472e-01
  8246  8243   5.3740967538068618e-02
  8251  8243  -5.1328940600003890e-02
  8219  8245  -1.0616792407020180e-01
  8221  8245   2.8468193249682909e-02
  8245  8245   5.5613986708607110e-01
  8247  8245   8.5490832542769443e-02
  8639  8245   3.8524087502399898e-02
  8232  8246  -1.1168476022484840e-01
  8243  8246   5.3740967538068618e-02
  8246  8246   5.9453078611881394e-01
  8247  8246   8.7275068835082917e-02
  8651  8246   4.0514426947322907e-02
  8245  8247   8.5490832542769443e-02
  8246  8247   8.7275068835082917e-02
  8247  8247   5.0992333636367371e-01
  8639  8247  -2.3044467989295190e-02
  8651  8247  -1.9632041589827912e-02
  8233  8251   7.9820772721954827e-02
  8243  8251  -5.1328940600003890e-02
  8251  8251   5.3043958516619050e-01
  8363  8251   4.6948830137579507e-02
  8652  8251  -6.0656832736961180e-02
  7936  8362   5.4453411740364499e-02
  7937  8362   3.1664914301173713e-02
  8362  8362   4.7673084155843493e-01
  8363  8362  -4.4630840176662308e-02
  8547  8362   5.6615988955876030e-02
  8251  8363   4.6948830137579507e-02
  8362  8363  -4.4630840176662308e-02
  8363  8363   4.6108523216398151e-01
  8547  8363   4.3231291751291333e-02
  8652  8363   3.7095243170038983e-02
  8144  8392   3.0873434729875950e-02
  8392  8392   4.7763413957962758e-01
  8393  8392   7.0922760731799206e-02
  8394  8392   6.2248094702720663e-02
  8560  8392   1.7247383128921340e-02
  8139  8393  -1.9597915810530039e-02
  8392  8393   7.0922760731799206e-02
  8393  8393   4.6913165565115539e-01
  8394  8393  -1.3623816605949701e-02
  8538  8393   7.2015609415763016e-02
  7962  8394  -1.9811333230247241e-03
  8146  8394   8.9386291694724063e-02
  8392  8394   6.2248094702720663e-02
  8393  8394  -1.3623816605949701e-02
  8394  8394   4.6002979631571722e-01
  7980  8406  -5.4973805320568177e-02
  8139  8406   7.3555321215440214e-02
  8406  8406   5.0801935677757382e-01
  8407  8406   5.2027487331852168e-02
  8537  8406  -3.6434202301081631e-02
  8135  8407   4.8474206469269927e-02
  8136  8407   6.0763355186428107e-02
  8406  8407   5.2027487331852168e-02
  8407  8407   5.0679132524752402e-01
  8537  8407   5.6156706864944977e-02
  8137  8528  -3.7683846727355932e-02
  8528  8528   4.5418833461284303e-01
  8531  8528   5.0038764715303517e-02
  8880  8528  -3.2452438658535962e-02
  8137  8531   5.6860226644513991e-02
  8528  8531   5.0038764715303517e-02
  8531  8531   5.0076800072586236e-01
  8536  8531   4.4467289852711298e-02
  8797  8531  -6.0188889693637213e-02
  8531  8536   4.4467289852711298e-02
  8536  8536   4.6923671795975841e-01
  8537  8536   4.3702703821823029e-02
  8773  8536   5.2079347669745008e-02
  8797  8536   3.9973812186174407e-02
  8406  8537  -3.6434202301081631e-02
  8407  8537   5.6156706864944977e-02
  8536  8537   4.3702703821823029e-02
  8537  8537   4.7389710338772378e-01
  8773  8537  -4.8601521205213702e-02
  8139  8538   5.4563355820350962e-02
  8393  8538   7.2015609415763016e-02
  8538  8538   5.1312368248309093e-01
  8767  8538  -5.9874285147107888e-02
  8774  8538   3.5778023167287079e-02
  8142  8544   4.9345317272501993e-02
  8544  8544   4.7575357228356963e-01
  8545  8544   4.6843750105981852e-02
  8546  8544  -5.1963927563987100e-02
  8544  8545   4.6843750105981852e-02
  8545  8545   4.7668383907253231e-01
  8546  8545   4.5559712005913543e-02
  8552  8545  -3.6396011384343577e-02
  8544  8546  -5.1963927563987100e-02
  8545  8546   4.5559712005913543e-02
  8546  8546   4.8178558634058549e-01
  8547  8546   5.4835633512147333e-02
  8553  8546  -4.0588024762800823e-02
  8362  8547   5.6615988955876030e-02
  8363  8547   4.3231291751291333e-02
  8546  8547   5.4835633512147333e-02
  8547  8547   4.9267917446790471e-01
  8553  8547   4.9047240544906147e-02
  8545  8552  -3.6396011384343577e-02
  8552  8552   4.7743813084390729e-01
  8554  8552  -4.0988400389731117e-02
  8921  8552   6.1293057394763040e-02
  8546  8553  -4.0588024762800823e-02
  8547  8553   4.9047240544906147e-02
  8553  8553   4.8455944983070182e-01
  8740  8553  -5.5090173825312637e-02
  8922  8553   5.0835317413087937e-02
  8552  8554  -4.0988400389731117e-02
  8554  8554   4.5380835603216779e-01
  8921  8554   4.2389825616483592e-02
  8923  8554   2.4770567562228091e-02
  8224  8555   6.9904952666467138e-02
  8555  8555   4.3619335585001151e-01
  8590  8555  -2.0733691967216548e-03
  8639  8555   6.3392923085634850e-02
  8929  8555  -3.5030286637939491e-03
  8182  8559   9.0118751174618580e-02
  8186  8559  -2.8732026476170552e-02
  8559  8559   5.4056342577705818e-01
  8561  8559  -1.0077762693428589e-01
  8932  8559   2.4048500883760249e-02
  8144  8560  -1.0142697638704370e-01
  8392  8560   1.7247383128921340e-02
  8560  8560   5.2835120501983179e-01
  8561  8560  -9.0163284934599588e-02
  8562  8560   2.2292475565211741e-02
  8559  8561  -1.0077762693428589e-01
  8560  8561  -9.0163284934599588e-02
  8561  8561   5.4764697144439312e-01
  8562  8561   3.5217530258403129e-02
  8932  8561   2.4494555370421941e-02
  8560  8562   2.2292475565211741e-02
  8561  8562   3.5217530258403129e-02
  8562  8562   4.5428528346290259e-01
  8767  8562  -5.1474084883404041e-02
  8926  8562   5.3153940090609253e-02
  8224  8590   7.6718568451708727e-02
  8555  8590  -2.0733691967216548e-03
  8590  8590   4.4937443538779309e-01
  8591  8590  -5.1987758691389677e-02
  8934  8590   2.4212433295913278e-02
  8185  8591   3.7958732590999820e-02
  8186  8591  -3.8283120828853927e-02
  8590  8591  -5.1987758691389677e-02
  8591  8591   4.8855677597731278e-01
  8934  8591   6.9485223449859287e-02
  8245  8639   3.8524087502399898e-02
  8247  8639  -2.3044467989295190e-02
  8555  8639   6.3392923085634850e-02
  8639  8639   5.0236929870735847e-01
  8929  8639   8.1726240173067580e-02
  8246  8651   4.0514426947322907e-02
  8247  8651  -1.9632041589827912e-02
  8651  8651   4.5474078219099973e-01
  8653  8651   4.5189023852251368e-02
  8927  8651  -5.7470553995211622e-02
  8251  8652  -6.0656832736961180e-02
  8363  8652   3.7095243170038983e-02
  8652  8652   4.9263687459871502e-01
  8653  8652   5.2448612399253032e-02
  8739  8652  -5.3227521968638197e-02
  8651  8653   4.5189023852251368e-02
  8652  8653   5.2448612399253032e-02
  8653  8653   4.6734383746294239e-01
  8739  8653   3.8831623911352753e-02
  8927  8653   4.1853620586689157e-02
  8652  8739  -5.3227521968638197e-02
  8653  8739   3.8831623911352753e-02
  8739  8739   4.8620732667460659e-01
  8740  8739   5.1521952848682259e-02
  8955  8739  -5.3626508442045272e-02
  8553  8740  -5.5090173825312637e-02
  8739  8740   5.1521952848682259e-02
  8740  8740   4.7357768552363511e-01
  8922  8740   3.8602303226339361e-02
  8955  8740   3.9343499933916677e-02
  8538  8767  -5.9874285147107888e-02
  8562  8767  -5.1474084883404041e-02
  8767  8767   4.8944701632809973e-01
  8774  8767   4.9063219571543068e-02
  8926  8767   3.9845936933046722e-02
  8536  8773   5.2079347669745008e-02
  8537  8773  -4.8601521205213702e-02
  8773  8773   4.8747089587017989e-01
  8774  8773   4.2136036424954407e-02
  9110  8773  -5.5806329873269167e-02
  8538  8774   3.5778023167287079e-02
  8767  8774   4.9063219571543068e-02
  8773  8774   4.2136036424954407e-02
  8774  8774   4.6267861675193078e-01
  9110  8774   4.6521721701992300e-02
  8796  8796   4.4484788254680219e-01
  8880  8796   4.1502255294933288e-02
  8890  8796  -3.7469321764065769e-02
  8901  8796  -4.0533446362251258e-02
  8531  8797  -6.0188889693637213e-02
  8536  8797   3.9973812186174407e-02
  8797  8797   4.8977272710558611e-01
  8900  8797   4.4797336134600678e-02
  9140  8797   5.5732639546837492e-02
  8811  8811   4.3468604957890788e-01
  8888  8811   5.1521125456485191e-02
  8893  8811   5.5504996874210018e-02
  9158  8811  -2.1103644891975179e-02
  8528  8880  -3.2452438658535962e-02
  8796  8880   4.1502255294933288e-02
  8880  8880   4.9517233129056998e-01
  8901  8880   6.2709384538408297e-02
  8811  8888   5.1521125456485191e-02
  8888  8888   6.5153492816665792e-01
  8889  8888  -9.5006419981459020e-02
  8896  8888   1.1228766332437790e-01
  8888  8889  -9.5006419981459020e-02
  8889  8889   3.7964868282986519e-01
  8896  8889  -4.4814698059331623e-02
  8796  8890  -3.7469321764065769e-02
  8890  8890   5.1318891099936881e-01
  8892  8890   4.6911833910612863e-02
  8904  8890   6.5346530668958985e-02
  8890  8892   4.6911833910612863e-02
  8892  8892   4.4036104331824599e-01
  8893  8892   4.4515317873266048e-02
  8904  8892  -3.2770793019896827e-02
  8811  8893   5.5504996874210018e-02
  8892  8893   4.4515317873266048e-02
  8893  8893   5.3786692405060188e-01
  9158  8893   6.9322009670281765e-02
  8888  8896   1.1228766332437790e-01
  8889  8896  -4.4814698059331623e-02
  8896  8896   3.9737118518693360e-01
  9157  8896  -2.0349583993111070e-02
  9247  8896   1.9478425463088259e-02
  8797  8900   4.4797336134600678e-02
  8900  8900   4.5987836131010812e-01
  8901  8900   3.8981899732293240e-02
  9137  8900   4.2968857703489953e-02
  9140  8900  -4.3920082130375147e-02
  8796  8901  -4.0533446362251258e-02
  8880  8901   6.2709384538408297e-02
  8900  8901   3.8981899732293240e-02
  8901  8901   4.9453931498783399e-01
  9137  8901  -6.2809370361752603e-02
  8890  8904   6.5346530668958985e-02
  8892  8904  -3.2770793019896827e-02
  8904  8904   4.8721751530017537e-01
  9138  8904  -3.2873062199057418e-02
  9253  8904   6.6133424626710610e-02
  8552  8921   6.1293057394763040e-02
  8554  8921   4.2389825616483592e-02
  8921  8921   4.9675955941336419e-01
  8922  8921   5.4066355699023093e-02
  9285  8921  -4.9876547023085110e-02
  8553  8922   5.0835317413087937e-02
  8740  8922   3.8602303226339361e-02
  8921  8922   5.4066355699023093e-02
  8922  8922   4.7301384863914558e-01
  9285  8922   4.0519587556923573e-02
  8554  8923   2.4770567562228091e-02
  8923  8923   4.7940223039301211e-01
  9083  8923   3.7182516226193847e-02
  9287  8923   6.1983610630195467e-02
  8562  8926   5.3153940090609253e-02
  8767  8926   3.9845936933046722e-02
  8926  8926   4.8745966478742497e-01
  9257  8926   4.8563270159144058e-02
  9301  8926  -5.6879534243354041e-02
  8651  8927  -5.7470553995211622e-02
  8653  8927   4.1853620586689157e-02
  8927  8927   4.9561915317066207e-01
  8930  8927  -5.1366357442103390e-02
  9297  8927   5.5837044159542777e-02
  8555  8929  -3.5030286637939491e-03
  8639  8929   8.1726240173067580e-02
  8929  8929   4.6167508585865391e-01
  8930  8929   6.0027319385698247e-02
  9308  8929  -2.2090934644765019e-02
  8927  8930  -5.1366357442103390e-02
  8929  8930   6.0027319385698247e-02
  8930  8930   5.0263952043928395e-01
  9297  8930   3.7374976951316863e-02
  9308  8930   6.3587117038369528e-02
  8559  8932   2.4048500883760249e-02
  8561  8932   2.4494555370421941e-02
  8932  8932   4.5086754663927531e-01
  8933  8932   4.8665043798176537e-02
  9300  8932  -5.9649409385785869e-02
  8932  8933   4.8665043798176537e-02
  8933  8933   5.0389456467763294e-01
  8934  8933   8.5198968319481372e-02
  9300  8933   3.6374900828700207e-02
  9307  8933   4.1806068825853963e-02
  8590  8934   2.4212433295913278e-02
  8591  8934   6.9485223449859287e-02
  8933  8934   8.5198968319481372e-02
  8934  8934   4.9189746114259719e-01
  9307  8934  -2.0155191747422859e-02
  8739  8955  -5.3626508442045272e-02
  8740  8955   3.9343499933916677e-02
  8955  8955   4.7853440910039308e-01
  9295  8955   5.5328503063251787e-02
  9331  8955   4.1278030238086572e-02
  8923  9083   3.7182516226193847e-02
  9083  9083   4.4403796933840300e-01
  9263  9083   2.6616937343538701e-02
  9287  9083  -4.5584214112046537e-02
  8773  9110  -5.5806329873269167e-02
  8774  9110   4.6521721701992300e-02
  9110  9110   4.8780798273583109e-01
  9141  9110  -4.2181532431875390e-02
  9258  9110   5.4399648877782772e-02
  8900  9137   4.2968857703489953e-02
  8901  9137  -6.2809370361752603e-02
  9137  9137   5.0406416263959142e-01
  9138  9137   5.0946013008530397e-02
  9479  9137  -5.7910952785291743e-02
  8904  9138  -3.2873062199057418e-02
  9137  9138   5.0946013008530397e-02
  9138  9138   4.5542239892614561e-01
  9253  9138   4.6058060360314929e-02
  9479  9138   3.5811875189168847e-02
  8797  9140   5.5732639546837492e-02
  8900  9140  -4.3920082130375147e-02
  9140  9140   4.8816384553550352e-01
  9141  9140   4.3030905835471742e-02
  9480  9140   5.6553111142344972e-02
  9110  9141  -4.2181532431875390e-02
  9140  9141   4.3030905835471742e-02
  9141  9141   4.6687066181858539e-01
  9258  9141   4.7853480541037538e-02
  9480  9141  -4.4893032090844220e-02
  8896  9157  -2.0349583993111070e-02
  9157  9157   5.3570001217131302e-01
  9247  9157  -1.6916115173542781e-01
  9494  9157   5.1864113623818001e-02
  8811  9158  -2.1103644891975179e-02
  8893  9158   6.9322009670281765e-02
  9158  9158   4.6771800852781409e-01
  9248  9158   6.6082602671538149e-02
  9254  9158  -1.9244643094453302e-02
  8896  9247   1.9478425463088259e-02
  9157  9247  -1.6916115173542781e-01
  9247  9247   6.1049860213177953e-01
  9248  9247  -5.1916533319604642e-02
  9496  9247   5.6995345078936492e-02
  9158  9248   6.6082602671538149e-02
  9247  9248  -5.1916533319604642e-02
  9248  9248   5.0514323201144284e-01
  9254  9248   6.0707210997107387e-02
  9496  9248   3.5745274930776380e-02
  8904  9253   6.6133424626710610e-02
  9138  9253   4.6058060360314929e-02
  9253  9253   5.1437611585971565e-01
  9254  9253   5.8475916193802421e-02
  9558  9253  -5.3811081155699207e-02
  9158  9254  -1.9244643094453302e-02
  9248  9254   6.0707210997107387e-02
  9253  9254   5.8475916193802421e-02
  9254  9254   4.6184140237317139e-01
  9558  9254   3.2546088987603909e-02
  8926  9257   4.8563270159144058e-02
  9257  9257   4.6871089601774740e-01
  9258  9257   5.1012050051682682e-02
  9301  9257   3.9100217051712932e-02
  9457  9257   4.1055660668822373e-02
  9110  9258   5.4399648877782772e-02
  9141  9258   4.7853480541037538e-02
  9257  9258   5.1012050051682682e-02
  9258  9258   4.9450548386504262e-01
  9457  9258  -5.2368965911669459e-02
  9262  9262   4.6419566620073288e-01
  9263  9262   3.6921331803530147e-02
  9274  9262   4.9470433034199908e-02
  9575  9262  -5.6362355690320123e-02
  9083  9263   2.6616937343538701e-02
  9262  9263   3.6921331803530147e-02
  9263  9263   4.8066834479003689e-01
